image_width: 1280
image_height: 800
camera_name: narrow_stereo
camera_matrix:
  rows: 3
  cols: 3
  data: [805.59377,   0.     , 662.62367,
           0.     , 805.56467, 424.54258,
           0.     ,   0.     ,   1.     ]
camera_model: plumb_bob
distortion_coefficients:
  rows: 1
  cols: 5
  data: [-0.314770, 0.081361, 0.000911, 0.000117, 0.000000]
rectification_matrix:
  rows: 3
  cols: 3
  data: [1., 0., 0.,
         0., 1., 0.,
         0., 0., 1.]
projection_matrix:
  rows: 3
  cols: 4
  data: [604.08112,   0.     , 677.61287,   0.     ,
           0.     , 734.83533, 430.41997,   0.     ,
           0.     ,   0.     ,   1.     ,   0.     ]
