image_width: 640
image_height: 480
camera_name: narrow_stereo
camera_matrix:
  rows: 3
  cols: 3
  data: [542.6437 ,   0.     , 338.55205,
           0.     , 542.51519, 260.62137,
           0.     ,   0.     ,   1.     ]
camera_model: plumb_bob
distortion_coefficients:
  rows: 1
  cols: 5
  data: [-0.358918, 0.138639, 0.000068, 0.000169, 0.000000]
rectification_matrix:
  rows: 3
  cols: 3
  data: [1., 0., 0.,
         0., 1., 0.,
         0., 0., 1.]
projection_matrix:
  rows: 3
  cols: 4
  data: [466.88235,   0.     , 344.78794,   0.     ,
           0.     , 500.53516, 264.1538 ,   0.     ,
           0.     ,   0.     ,   1.     ,   0.     ]
