image_width: 1280
image_height: 800
camera_name: narrow_stereo
camera_matrix:
  rows: 3
  cols: 3
  data: [805.36254,   0.     , 591.54707,
           0.     , 805.58807, 444.12405,
           0.     ,   0.     ,   1.     ]
camera_model: plumb_bob
distortion_coefficients:
  rows: 1
  cols: 5
  data: [-0.321177, 0.089448, 0.000628, 0.000040, 0.000000]
rectification_matrix:
  rows: 3
  cols: 3
  data: [1., 0., 0.,
         0., 1., 0.,
         0., 0., 1.]
projection_matrix:
  rows: 3
  cols: 4
  data: [607.29865,   0.     , 565.91201,   0.     ,
           0.     , 730.27136, 453.89875,   0.     ,
           0.     ,   0.     ,   1.     ,   0.     ]
