image_width: 800
image_height: 600
camera_name: narrow_stereo
camera_matrix:
  rows: 3
  cols: 3
  data: [676.29235,   0.     , 359.03783,
           0.     , 675.98919, 340.61575,
           0.     ,   0.     ,   1.     ]
camera_model: plumb_bob
distortion_coefficients:
  rows: 1
  cols: 5
  data: [-0.348505, 0.125940, -0.000053, 0.000053, 0.000000]
rectification_matrix:
  rows: 3
  cols: 3
  data: [1., 0., 0.,
         0., 1., 0.,
         0., 0., 1.]
projection_matrix:
  rows: 3
  cols: 4
  data: [580.56927,   0.     , 345.81208,   0.     ,
           0.     , 622.06903, 347.3076 ,   0.     ,
           0.     ,   0.     ,   1.     ,   0.     ]
