image_width: 640
image_height: 480
camera_name: narrow_stereo
camera_matrix:
  rows: 3
  cols: 3
  data: [818.9654 ,   0.     , 316.23134,
           0.     , 818.75767, 198.42775,
           0.     ,   0.     ,   1.     ]
camera_model: plumb_bob
distortion_coefficients:
  rows: 1
  cols: 5
  data: [-0.463802, 0.267769, -0.000317, -0.000302, 0.000000]
rectification_matrix:
  rows: 3
  cols: 3
  data: [1., 0., 0.,
         0., 1., 0.,
         0., 0., 1.]
projection_matrix:
  rows: 3
  cols: 4
  data: [758.04376,   0.     , 315.45503,   0.     ,
           0.     , 781.70728, 194.81551,   0.     ,
           0.     ,   0.     ,   1.     ,   0.     ]
