image_width: 1280
image_height: 800
camera_name: narrow_stereo
camera_matrix:
  rows: 3
  cols: 3
  data: [1229.07248,    0.     ,  634.19024,
            0.     , 1228.91   ,  337.87074,
            0.     ,    0.     ,    1.     ]
camera_model: plumb_bob
distortion_coefficients:
  rows: 1
  cols: 5
  data: [-0.449006, 0.220793, -0.000511, -0.000203, 0.000000]
rectification_matrix:
  rows: 3
  cols: 3
  data: [1., 0., 0.,
         0., 1., 0.,
         0., 0., 1.]
projection_matrix:
  rows: 3
  cols: 4
  data: [1064.74597,    0.     ,  631.99377,    0.     ,
            0.     , 1162.46582,  331.03527,    0.     ,
            0.     ,    0.     ,    1.     ,    0.     ]
