image_width: 1280
image_height: 800
camera_name: narrow_stereo
camera_matrix:
  rows: 3
  cols: 3
  data: [1230.63048,    0.     ,  637.20188,
            0.     , 1230.44314,  448.03471,
            0.     ,    0.     ,    1.     ]
camera_model: plumb_bob
distortion_coefficients:
  rows: 1
  cols: 5
  data: [-0.447366, 0.216192, -0.000086, -0.000247, 0.000000]
rectification_matrix:
  rows: 3
  cols: 3
  data: [1., 0., 0.,
         0., 1., 0.,
         0., 0., 1.]
projection_matrix:
  rows: 3
  cols: 4
  data: [1066.14282,    0.     ,  635.8776 ,    0.     ,
            0.     , 1166.66882,  453.11646,    0.     ,
            0.     ,    0.     ,    1.     ,    0.     ]
