image_width: 640
image_height: 480
camera_name: narrow_stereo
camera_matrix:
  rows: 3
  cols: 3
  data: [1335.14674,    0.     ,  377.95936,
            0.     , 1334.59725,  225.38015,
            0.     ,    0.     ,    1.     ]
camera_model: plumb_bob
distortion_coefficients:
  rows: 1
  cols: 5
  data: [-0.372213, -0.161581, -0.000421, -0.000954, 0.000000]
rectification_matrix:
  rows: 3
  cols: 3
  data: [1., 0., 0.,
         0., 1., 0.,
         0., 0., 1.]
projection_matrix:
  rows: 3
  cols: 4
  data: [1301.05017,    0.     ,  380.5831 ,    0.     ,
            0.     , 1317.44543,  224.9377 ,    0.     ,
            0.     ,    0.     ,    1.     ,    0.     ]
