image_width: 1280
image_height: 800
camera_name: narrow_stereo
camera_matrix:
  rows: 3
  cols: 3
  data: [1220.9128 ,    0.     ,  641.48751,
            0.     , 1220.21673,  431.06012,
            0.     ,    0.     ,    1.     ]
camera_model: plumb_bob
distortion_coefficients:
  rows: 1
  cols: 5
  data: [-0.447244, 0.217551, 0.000056, -0.000061, 0.000000]
rectification_matrix:
  rows: 3
  cols: 3
  data: [1., 0., 0.,
         0., 1., 0.,
         0., 0., 1.]
projection_matrix:
  rows: 3
  cols: 4
  data: [1055.94824,    0.     ,  641.85753,    0.     ,
            0.     , 1157.66455,  434.4863 ,    0.     ,
            0.     ,    0.     ,    1.     ,    0.     ]
